42.66934332,-83.23433929,42.70173949,-83.2761472
42.63864613,-83.35095881,42.60538382,-83.93143121
42.64652315,-83.21350828,42.61916687,-83.13048367
42.64644094,-83.21631294,42.58971155,-83.15951043
42.6464748,-83.21564384,42.72576373,-83.33207137
42.64507411,-83.21629566,42.64602725,-83.21498025
42.64606597,-83.21651525,42.68208209,-83.18937509
42.64600061,-83.21799416,42.81559993,-83.25909453
42.5061616441,-83.7948564626,42.5061753904,-83.7948320713
42.50299739,-83.1256336,42.64637109,-83.21748477
42.45654632,-83.3177295,42.6130006,-83.23304183
42.6459963,-83.21394087,42.75634348,-83.31135382
42.52234368,-83.09683282,42.52859345,-83.1090223
42.64697119,-83.20206168,42.65567449,-82.99765183
42.647686433,-83.2198100444,43.1606188416,-83.9832412452
42.73425394,-83.30556616,42.7400255,-83.34917093
42.29855602,-83.72212929,42.60545039,-83.93131368
42.6465137,-83.21327773,42.62087117,-82.98989687
42.50443078,-83.12473885,42.51656963,-83.14746053
42.68760773,-83.38194045,42.6541319,-83.48177126
42.23386836,-83.33990791,42.64260101,-83.19779499
42.68076349,-83.19111626,42.64677557,-83.21231448
42.81028198,-83.2571483,42.82454197,-83.26582561
42.5063714013,-83.7950339075,42.5375830522,-83.7865783274
42.64607208,-83.21496852,42.4986513,-83.12478972
42.47724511,-83.18289942,42.45562881,-83.32057532
42.76483128,-83.32480414,42.77347074,-83.3501116
42.52876499,-83.10909378,42.53265258,-83.0551938
42.68559637,-82.98520906,42.65052603,-83.17255692
42.73795624,-83.34883756,42.64640614,-83.21962849
42.64644596,-83.20975059,42.64697122,-83.2000344
42.61952357,-83.13037381,42.64487838,-83.21818327
37.11347272,-86.02826594,35.96268601,-86.58378266
42.64657961,-83.21954203,42.72653371,-83.33238223
42.64665758,-83.19528854,42.64853387,-83.24327193
42.64832348,-83.19171561,42.66060624,-83.19316299
42.67001484,-83.21983658,42.69173596,-83.22211866
42.5339860423,-83.7865990307,42.5228795176,-83.776666224
42.49797122,-83.12345603,42.52034798,-83.06887743
42.62435342,-83.23703273,42.49932396,-83.28521828
42.77351118,-83.35022084,42.64637032,-83.21629574
42.56724873,-83.04919408,42.64658111,-83.21423168
42.64660152,-83.20675775,42.68331882,-82.97136113
42.6529588597,-83.238641331,43.1613632804,-83.9797072671
42.72272771,-83.42311945,42.75127884,-83.3803121
42.6407633,-83.28869847,42.60766889,-83.92928191
52.4197175,10.78214331,51.90218552,10.42847634
37.86368161,-85.70646439,37.13648647,-85.97713357
42.72528831,-83.33089032,42.72529103,-83.33089377
42.6459993,-83.21676456,42.62262066,-83.97499998
42.6670928,-83.19334072,42.68145796,-83.18890712
42.71317631,-83.22040639,42.82032562,-83.26145739
42.5061600935,-83.7949025631,42.6459331065,-83.2151110657
42.52738446,-83.08650547,42.64597401,-83.21947631
42.49587204,-83.28440029,42.45552167,-83.3204918
42.64659609,-83.21215339,42.7712602,-83.34971657
42.64573615,-83.21647175,42.56381059,-83.12995176
42.64675976,-83.20569979,42.65204219,-83.03331676
42.8766913014,-83.6047540605,42.6450320939,-83.2193119917
42.70627139,-83.28841047,42.73829939,-83.34896982
42.63529291,-83.71505828,42.64431039,-83.21959409
51.90231903,10.42857178,51.90231687,10.42857078
35.97884798,-86.51288641,35.97898302,-86.51287207
42.72529126,-83.33089442,42.72529126,-83.33089442
42.61687246,-83.99211763,42.62740276,-84.14048402
42.68189723,-83.19054812,42.68189242,-83.19053314
42.73732725,-83.16665902,42.68232075,-83.09729854
42.5061160047,-83.794907257,42.6457798434,-83.2165601291
42.6464002,-83.21404434,42.52036559,-83.06834042
42.77357814,-83.34994204,42.64642294,-83.21549628
42.54918072,-83.10666264,42.5326104,-83.05470048
42.64652197,-83.21266492,42.64793735,-83.17053343
42.6466889866,-83.2193756942,43.1613855343,-83.9762453735
42.73838973,-83.34865557,42.64638392,-83.21911964
42.64377328,-83.19383471,42.64148075,-83.20055502
51.90233475,10.42857417,51.90233433,10.42857511
35.96434119,-86.58354674,35.96433601,-86.58354694
42.72529126,-83.33089442,42.72529126,-83.33089442
42.64663854,-83.21999452,42.64923292,-83.24649429
42.6810393,-83.18791766,42.68195676,-83.13860139
42.81349371,-83.25952823,42.64593982,-83.21732538
42.6465908345,-83.2156891655,42.6065057656,-83.2934908289
42.52044328,-83.06768864,42.50494069,-83.12516496
42.64966951,-83.22027756,42.74053877,-83.39362722
42.53292779,-83.05327907,42.64634558,-83.2141717
42.71403655,-83.01616614,42.66331619,-82.97478613
42.64571491,-83.2152133,42.70078935,-83.29884907
42.64103572,-83.20446986,42.64670348,-83.21337024
52.41992254,10.78272043,52.42159296,10.78491962
42.52138905,-83.01294863,42.52381048,-83.02864794
42.72555162,-83.33150757,42.64580613,-83.2164061
42.68143399,-83.13582589,42.63370293,-83.13098975
42.66672095,-83.21975114,42.8193567,-83.2632889
42.5771837728,-83.2809582073,42.5069627864,-83.7937142607
42.49731813,-83.12371089,42.50246951,-83.12486109
42.53442667,-83.05231106,42.53704736,-83.03219522
42.6806796,-82.97338347,42.62910242,-83.00031316
42.70112664,-83.29877028,42.7064088,-83.29879538
42.64682907,-83.20225692,42.60639314,-83.93007264
52.41894151,10.78267161,52.35480767,10.43213049
42.52094105,-83.04693027,42.5192399,-83.13899918
42.6463431,-83.21405353,42.64177231,-83.20429839
42.63372464,-83.13125593,42.68205532,-83.19019819
42.7931138,-83.24637505,42.76984576,-83.21930384
42.5060730055,-83.7948938459,42.6464213105,-83.2184725441
42.50687789,-83.12509146,42.52038876,-83.06942735
42.55196394,-83.02881375,42.563301,-83.01913674
42.69859267,-82.95307069,42.7002296,-82.92040076
42.73842983,-83.34868573,42.64635504,-83.21863484
42.60498851,-83.93100917,42.58861079,-83.87929012
52.42694205,10.7816257,52.42521289,10.78102898
42.64681551,-83.20451409,42.72540214,-83.33103517
42.60516074,-83.17228092,42.52208537,-83.11569907
42.76541712,-83.2169487,42.71553089,-83.21979944
42.6478270395,-83.1703009922,42.6448311796,-83.2195460144
42.52054492,-83.06649284,42.6457941,-83.21939877
42.56232435,-83.01919307,42.3386219,-83.05301932
42.68052349,-82.97142349,42.63186068,-82.99884056
42.64487981,-83.22019509,42.74023337,-83.34897841
42.58855773,-83.87838781,42.60614628,-83.92978909
52.35939824,10.42722017,52.40518325,10.7736369
42.72763328,-83.33260732,42.7555856,-83.52103711
42.51145436,-83.11521289,42.20901444,-83.35534027
42.69491533,-83.22227353,42.64604953,-83.21723002
42.6461238367,-83.2144825067,42.6433389075,-83.2043041941
42.64643411,-83.21002184,42.50472394,-83.12513323
42.36043191,-83.05560194,42.56373091,-83.02713451
42.67197748,-82.94073258,42.62487177,-82.94812561
42.64560194,-83.2152254,42.68367357,-83.19347201
42.64663897,-83.20655396,42.60736034,-83.93091997
52.40910365,10.78016657,52.42651457,10.77637275
42.64574028,-83.2166249,42.63506966,-83.23878629
42.20904987,-83.35513116,42.20993684,-83.35522031
42.64604626,-83.21722676,42.67940128,-83.21366751
42.6180647453,-83.2091204356,42.5023226487,-83.2853104267
42.49083028,-83.124571,42.48735145,-83.14156554
42.53108906,-83.05735027,42.51811908,-83.11603117
42.68337253,-82.97129363,42.68175705,-82.96929914
42.68219371,-83.19303624,42.70744149,-83.29311045
42.62206649,-83.99912468,42.72668337,-84.41481775
52.30943374,10.72762898,52.42205473,10.78524551
42.60832838,-83.21552931,42.7068351,-83.30531955
42.20949972,-83.35542987,42.68239703,-83.19035374
42.6803453,-83.21617001,42.81341598,-83.25938119
42.4908759026,-83.3125228621,42.5063257618,-83.7949793413
42.48742095,-83.13829446,42.49649401,-83.1238234
42.55030015,-83.07033173,42.53266084,-83.05588159
42.68023393,-82.97548,42.55743018,-83.04907893
42.73445448,-83.35414988,42.64638347,-83.21869984
42.72636262,-84.41515137,42.60330723,-83.93205578
52.41709016,10.78341282,52.35586672,10.43106498
42.70698124,-83.3063318,42.72629785,-83.33228486
42.68094773,-83.18794523,42.70038814,-83.28122086
42.78498766,-83.24263102,42.78077775,-83.23962055
42.5062694773,-83.7949736416,42.635279079,-83.6868931074
42.49742433,-83.1236377,42.50275352,-83.1249653
42.49189702,-83.0109886,42.53494097,-83.08466111
42.68106275,-82.97529423,42.64557922,-83.21835987
42.6456587,-83.21511994,42.68113812,-83.13257493
42.63093636,-83.80837662,42.64491005,-83.2195791
52.27997748,10.50519578,52.42420739,10.78602634
42.70583247,-83.30677406,42.72673808,-83.33238663
42.70555354,-83.31937196,42.68198808,-83.19031642
42.6353157079,-83.6889763456,42.54535513,-83.7902096193
42.49838514,-83.11831695,42.52036167,-83.06861732
42.53327973,-83.05443268,42.53276708,-83.05264078
42.64572198,-83.21630623,42.63437398,-83.22206587
42.64646954,-83.21382315,42.64745657,-83.16946203
52.4198464,10.78256769,52.40190879,10.75967985
42.72682576,-83.3324948,42.70555326,-83.28920851
42.68147781,-83.18893723,42.68068659,-83.19328769
42.66527582,-83.17213603,42.68342007,-83.19161767
42.5470619369,-83.7934633065,42.5062194373,-83.7948304787
42.64629762,-83.21799373,42.52039293,-83.06846067
42.64632974,-83.17172617,42.59004119,-83.87498531
52.35960839,10.42812202,52.40515463,10.77919455
42.70496964,-83.28261541,42.7280872,-83.30762869
42.66994015,-83.19353474,42.64663207,-83.21533027
42.68573885,-83.19302992,42.63816825,-83.12926252
42.5066524046,-83.7943574879,42.507662843,-83.7926574703
42.50817259,-83.12515623,42.52041356,-83.06867698
42.60503857,-83.92377057,42.60582518,-83.92853222
52.40546957,10.779855,52.42273863,10.78537542
42.70877408,-83.3072267,42.70743066,-83.28981576
42.64657301,-83.2115386,42.68205229,-83.19025956
42.66540548,-83.13316738,42.81239045,-83.26038835
42.5074004894,-83.7850822415,42.5061659608,-83.7948662695
42.52051804,-83.06754267,42.64489157,-83.21952072
42.61049912,-83.92763855,42.64467352,-83.21956993
52.41515741,10.78316653,52.40516434,10.77909865
42.70550108,-83.28896434,42.72707639,-83.33246702
42.68195393,-83.19038603,42.68195773,-83.19035756
42.94265992,-83.31338673,43.07390969,-83.54370102
42.506904616,-83.7936535757,42.5077513978,-83.791562207
42.64593186,-83.21516795,42.52033766,-83.06849703
42.64629148,-83.21673551,42.59003309,-83.87639417
52.40587906,10.77612775,52.42162127,10.78498587
42.66977796,-83.13280394,42.72642485,-83.33233488
42.68095074,-83.18794299,42.64659703,-83.21571561
43.01133656,-83.26372214,42.90846062,-82.98459062
42.5072817598,-83.7932945788,42.5154131278,-83.6160186678
42.50901828,-83.11478992,42.64641344,-83.2184646
42.5885205,-83.87845254,42.60620225,-83.92990503
52.40523678,10.78228678,52.40515744,10.77913003
42.72508833,-83.34010904,42.69069373,-83.38618928
42.64682819,-83.20431219,42.68213156,-83.19028379
42.90622522,-83.0404554,42.81252102,-83.25907087
42.5155365095,-83.6159776803,42.6454952778,-83.2161691971
42.64616375,-83.2145691,42.64717105,-83.1705559
42.59885036,-83.90741785,42.58842423,-83.87864666
52.40486319,10.77716992,52.40487373,10.77673106
42.69115243,-83.34817668,42.7270044,-83.33231199
42.68087678,-83.18260313,42.68197867,-83.19032097
42.69442603,-83.18460749,42.66397454,-83.13511646
42.6039373828,-83.2620234881,42.5450245058,-83.2852669246
42.64725341,-83.17056829,42.62711762,-82.97388358
42.72696483,-83.33232002,42.70658378,-83.28778583
42.68066357,-83.19383775,42.64668825,-83.21067372
42.78426217,-83.23481522,42.812025,-83.26085953
42.5366143975,-83.2849215902,42.4898205372,-83.4973950405
42.62705546,-82.97041164,42.64115708,-82.95525767
42.72722506,-83.33239739,42.75553546,-83.52198458
42.6463784,-83.20816756,42.68210271,-83.1893287
42.7232904,-83.21956219,42.7789978,-83.23959152
42.5061522983,-83.7949162256,42.6460512495,-83.2167389151
42.63566896,-82.95606559,42.49737369,-83.12354617
42.75852345,-83.50829484,42.67809135,-83.13365745
42.68082744,-83.18635907,42.68207486,-83.18980314
42.77427677,-83.24717715,42.78479456,-83.2534809
42.6457826514,-83.216655599,42.4960244866,-83.5391028877
42.49973502,-83.12478843,42.62728734,-83.26857339
42.68129154,-83.13371619,42.72656963,-83.33234484
42.67614788,-83.19386732,42.68189245,-83.19034738
42.78287068,-83.25478141,42.8124379,-83.26036567
42.4966732459,-83.5396551713,42.5061750133,-83.7948318198
42.6261738,-83.26839612,42.70165082,-83.2955169
42.72731619,-83.33132636,42.70475884,-83.29941557
42.68188542,-83.19032733,42.67175019,-83.17260046
42.5177976955,-83.7564188149,42.5495483866,-83.7893798109
42.70109542,-83.29514867,42.50017503,-83.12489517
42.72775545,-83.33036821,42.72124482,-83.30769647
42.67608689,-83.172352,42.68203712,-83.18910506
42.5429300359,-83.7846779823,42.5463768421,-83.7958964892
42.49733924,-83.12337412,42.56114623,-83.08814646
42.69693855,-83.24294713,42.72721655,-83.3324541
42.68153368,-83.15741953,42.6280675,-83.1516646
42.5462024985,-83.7927212566,42.5061400188,-83.7948640063
42.56268039,-83.08871191,42.49863664,-83.12478588
42.6309769,-83.15206101,42.68845037,-82.80022366
42.5068262871,-83.793769246,42.6039216248,-83.2519680541
42.48669331,-83.12992503,42.49896185,-83.12477815
42.68883593,-82.79970197,42.68200193,-83.1903372
42.6408392563,-83.1994899642,42.6464026608,-83.2185824309
42.50179152,-83.11790612,42.60895946,-83.07340135
42.68109924,-83.18798535,42.68208598,-83.18944297
42.6458032709,-83.2162113581,42.6063972618,-83.2960824296
42.60821803,-83.07158393,42.64724696,-83.17081254
42.68133116,-83.18802729,42.69451889,-83.19041471
42.6054334687,-83.2933278847,42.5068804761,-83.7937679887
42.6468915,-83.17096232,42.49822013,-83.12345286
42.69426168,-83.19338943,42.68138337,-83.18877807
42.5064007379,-83.7948329933,42.5322057679,-83.1132476404
42.49839358,-83.12226394,42.546138,-83.13290277
42.68105215,-83.18794405,42.64650653,-83.21690618
42.5330310501,-83.1130983587,42.5640254002,-83.1098841503
42.5391858,-83.13459324,42.49810889,-83.123404
42.64556116,-83.21589221,42.68203632,-83.18945846
42.5647459086,-83.1091917213,42.4770075828,-83.1998122483
42.68166529,-83.18904799,42.64663228,-83.21542337
42.5811530231,-83.2807336561,42.6462976774,-83.2167939842
42.6584382,-83.19307764,42.68204265,-83.18918434
42.6362082968,-83.1303621456,42.6461519999,-83.2143571973
42.680567,-83.19682075,42.68220433,-83.19065646
42.6465611206,-83.2071547955,42.5063459203,-83.7949598953
42.68087247,-83.18807547,42.6819072,-83.18897385
42.5071376748,-83.7934706826,42.5154444762,-83.6123390123
42.68071823,-83.19132657,42.68201796,-83.19024108
42.5147306733,-83.6117641814,42.5403938815,-83.7866769824
42.68142315,-83.18882526,42.6464618,-83.21743521
42.5396786118,-83.7871439382,42.5034743221,-83.7611145247
42.5042156596,-83.7616474461,42.5061485684,-83.7948143855
42.5075205602,-83.7932519149,42.5479021389,-83.7970521022
42.5457761949,-83.7997389212,42.5402572565,-83.790659979
42.5408144435,-83.7909837719,42.5207661465,-83.7643517833
42.5194221083,-83.7592168618,42.5064877421,-83.7948935945